100,86600,1,0
100,86843,2,0
100,86846,3,0
100,86847,4,0
100,86601,5,0
100,86602,6,0
100,86854,7,0
100,86837,8,0
100,86838,9,0
100,86839,10,0
100,86840,11,0
100,86824,12,0
100,86629,13,0
100,86631,14,0
100,86825,15,0
100,86827,16,0
100,86604,17,0
100,86605,18,0
100,86606,19,0
100,86607,20,0
100,86608,21,0
100,86609,22,0
100,86610,23,0
100,86611,24,0
100,86612,25,0
100,86613,26,0
100,86614,27,0
100,86615,28,0
100,86648,29,0
100,86616,30,0
100,86617,31,0
100,86618,32,0
100,86619,33,0
100,86620,34,0
100,86621,35,0
100,86622,36,0
100,86623,37,0
100,86624,38,0
100,86625,39,0
100,86626,40,0
100,86627,41,0
100,86628,42,0
100,86630,43,0
100,86603,44,0
100,86636,45,0
100,86649,46,0
100,86637,47,0
100,86638,48,0
100,86639,49,0
100,86640,50,0
100,86641,51,0
100,86642,52,0
100,86643,53,0
100,86644,54,0
100,86645,55,0
100,86646,56,0
100,86647,57,0
100,86709,58,0
100,86841,59,0
100,86842,60,0
100,86710,61,0
100,86850,62,0
100,86851,63,0
100,86228,64,1
201,86600,1,0
201,86843,2,0
201,86844,3,0
201,86845,4,0
201,86650,5,0
201,86651,6,0
201,86652,7,0
201,86653,8,0
201,86654,9,0
201,86655,10,0
201,86656,11,0
201,86657,12,0
201,86658,13,0
201,86659,14,0
201,86660,15,0
201,86661,16,0
201,86662,17,0
201,86663,18,0
201,86664,19,0
201,86665,20,0
201,86666,21,0
201,86667,22,0
201,86668,23,0
201,86669,24,0
201,86670,25,0
201,86671,26,0
201,86672,27,0
201,86673,28,0
201,86674,29,0
201,86675,30,0
201,86676,31,0
201,86677,32,0
201,86678,33,0
201,86679,34,0
201,86680,35,0
201,86681,36,0
201,86682,37,0
201,86683,38,0
201,86684,39,0
201,86685,40,0
201,86686,41,0
201,86687,42,0
201,86688,43,0
201,86689,44,0
201,86690,45,0
201,86691,46,0
201,86692,47,0
201,86693,48,0
201,86694,49,0
201,86695,50,0
201,86696,51,0
201,86697,52,0
201,86698,53,0
201,86361,54,0
201,86700,55,0
201,86701,56,0
201,86702,57,0
201,86703,58,0
201,86704,59,0
201,86705,60,0
201,86706,61,0
201,86707,62,0
201,86708,63,0
201,86709,64,0
201,86841,65,0
201,86842,66,0
201,86710,67,0
201,86850,68,0
201,86851,69,0
201,86228,70,1
301,86600,1,0
301,86775,2,0
301,86007,3,0
301,86852,4,0
301,86003,5,0
301,86711,6,0
301,86712,7,0
301,86713,8,0
301,86714,9,0
301,86715,10,0
301,86716,11,0
301,86717,12,0
301,86718,13,0
301,86719,14,0
301,86720,15,0
301,86361,16,0
301,86721,17,0
301,86722,18,0
301,86723,19,0
301,86724,20,0
301,86725,21,0
301,86726,22,0
301,86727,23,0
301,86728,24,0
301,86729,25,0
301,86730,26,0
301,86731,27,0
301,86732,28,0
301,86733,29,0
301,86734,30,0
301,86735,31,0
301,86736,32,0
301,86737,33,0
301,86738,34,0
301,86739,35,0
301,86740,36,0
301,86741,37,0
301,86742,38,0
301,86743,39,0
301,86744,40,0
301,86745,41,0
301,86746,42,0
301,86747,43,0
301,86748,44,0
301,86749,45,0
301,86750,46,0
301,86751,47,0
301,86848,48,0
301,86849,49,0
301,86752,50,0
301,86753,51,0
301,86754,52,0
301,86755,53,0
301,86756,54,0
301,86757,55,0
301,86758,56,0
301,86759,57,0
301,86760,58,0
301,86761,59,0
301,86762,60,0
301,86763,61,0
301,86764,62,0
301,86765,63,0
301,86766,64,0
301,86767,65,0
301,86768,66,0
301,86769,67,0
301,86770,68,0
301,86771,69,0
301,86772,70,0
301,86710,71,0
301,86850,72,0
301,86851,73,0
301,86228,74,1
400,86600,1,0
400,86775,2,0
400,86779,3,0
400,86780,4,0
400,86781,5,0
400,86782,6,0
400,86783,7,0
400,86784,8,0
400,86785,9,0
400,86786,10,0
400,86787,11,0
400,86788,12,0
400,86789,13,0
400,86790,14,0
400,86791,15,0
400,86792,16,0
400,86793,17,0
400,86794,18,0
400,86795,19,0
400,86796,20,0
400,86797,21,0
400,86798,22,0
400,86799,23,0
400,86800,24,0
400,86853,25,0
400,86801,26,0
400,86858,27,0
400,86802,28,0
400,86803,29,0
400,86804,30,0
400,86805,31,0
400,86859,32,0
400,86806,33,0
400,86807,34,0
400,86808,35,0
400,86809,36,0
400,86810,37,0
400,86811,38,0
400,86812,39,0
400,86813,40,0
400,86814,41,0
400,86815,42,0
400,86816,43,0
400,86817,44,0
400,86818,45,0
400,86819,46,0
400,86820,47,0
400,86821,48,0
400,86822,49,0
400,86823,50,0
400,86824,51,0
400,86825,52,0
400,86836,53,0
400,86826,54,0
400,86835,55,0
400,86834,56,0
400,86827,57,0
400,86828,58,0
400,86829,59,0
400,86830,60,0
400,86831,61,0
400,86832,62,0
400,86778,63,0
400,86004,64,0
400,86003,65,0
400,86228,66,1
